341,2
348,2
371,52
371,51
371,50
371,49
371,48
371,47
371,46
371,45
371,44
371,43
371,42
371,41
371,40
371,39
371,38
371,37
371,36
371,35
0,569
3,2
3,1
3,3
369,11
369,10
369,9
369,8
369,7
369,6
369,5
369,4
369,3
369,2
369,1
369,0
367,4
367,3
10,128
367,2
10,286
367,1
367,0
10,130
10,250
359,3
359,1
10,228
358,3
358,1
10,182
355,3
10,196
355,1
354,5
354,4
10,172
354,3
10,2
10,3
354,1
354,0
353,3
353,1
11,6
11,12
352,3
352,1
11,18
11,24
11,28
351,3
351,1
11,22
11,20
350,3
350,1
349,3
349,1
9,7
9,4
9,1
9,6
348,3
348,1
9,2
347,3
347,1
9,3
345,3
345,1
344,3
344,1
8,7
8,8
8,9
343,3
343,1
8,18
8,2
8,3
341,3
341,1
340,3
340,1
339,3
339,1
338,3
338,1
336,3
336,1
335,3
335,1
334,3
334,1
333,3
333,1
332,3
332,1
319,3
319,1
20,3
20,2
20,1
19,2
19,1
